1. МАТРИЦА ШИФРОВАНИЯ Ek:
      A   B   C   D   E   F   G   H   I   J   K   L   M   N   O   P   Q   R   S   T   U   V   W   X   Y   Z
k1   23   1  11  20  14   6  16  24  13  21   5  12   3  22   9   4  18  19   7  26  15   2  25   8  10  17
k2   15   1   3   6  17  13  20   9  22  19   4  12   8   2   5  16  23  25  14  21  18   7  10  26  11  24
k3    1  20  25  16   7   3  19  12  26   6   2  14  21  23  11   9   4  24  18  22   8   5  17  15  10  13
k4   12   2   6  15  19  23  18   4   1  13  21   5  16  17   8  24  10   3  14   9  20  22  11  25  26   7
k5   14  13   4  25  17  19  22   9  11   3  23   6  24  12   1  16  10  21  15  20   2   5  26  18   8   7
k6   24  21  19  22   1   5  16   9  10  23  18   7  20  13  12  25  11   8   6  26  17  14   2  15   4   3
k7    6  25   8  21  19  22  12  15  26  11   2  23   7  13  16  17  14  20   3  24  18   9   5  10   1   4
k8    4  14  10  18   5  25   7   1  11  22   3   9  16  20  17   8   2  24  12  15  26   6  21  19  13  23
k9   14  12   9  23  19  11  10  21  24   6  13   8   5  18   4  25  16  26  17   2   3   7  15  22  20   1
k10  26   9  10  19   2   5  12   4  18   7  22   3   1  20  17  23  25  13   6  11   8  21  24  15  14  16

2. ВЕРОЯТНОСТИ ШИФРТЕКСТА ПРИ ДАННОМ ОТКРЫТОМ ТЕКСТЕ P(c|m):
        1       2       3       4       5       6       7       8       9      10      11      12      13      14      15      16      17      18      19      20      21      22      23      24      25      26
A  0.0039  0.0000  0.0000  0.0135  0.0000  0.0263  0.0000  0.0000  0.0000  0.0000  0.0000  0.2036  0.0000  0.0816  0.2022  0.0000  0.0000  0.0000  0.0000  0.0000  0.0000  0.0000  0.1343  0.1488  0.0000  0.1858
B  0.3366  0.2036  0.0000  0.0000  0.0000  0.0000  0.0000  0.0000  0.1858  0.0000  0.0000  0.0614  0.0201  0.0135  0.0000  0.0000  0.0000  0.0000  0.0000  0.0039  0.1488  0.0000  0.0000  0.0000  0.0263  0.0000
C  0.0000  0.0000  0.2022  0.0201  0.0000  0.2036  0.0000  0.0263  0.0614  0.1993  0.1343  0.0000  0.0000  0.0000  0.0000  0.0000  0.0000  0.0000  0.1488  0.0000  0.0000  0.0000  0.0000  0.0000  0.0039  0.0000
D  0.0000  0.0000  0.0000  0.0000  0.0000  0.2022  0.0000  0.0000  0.0000  0.0000  0.0000  0.0000  0.0000  0.0000  0.2036  0.0039  0.0000  0.0135  0.1858  0.1343  0.0263  0.1488  0.0614  0.0000  0.0201  0.0000
E  0.1488  0.1858  0.0000  0.0000  0.0135  0.0000  0.0039  0.0000  0.0000  0.0000  0.0000  0.0000  0.0000  0.1343  0.0000  0.0000  0.2224  0.0000  0.2913  0.0000  0.0000  0.0000  0.0000  0.0000  0.0000  0.0000
F  0.0000  0.0000  0.0039  0.0000  0.3346  0.1343  0.0000  0.0000  0.0000  0.0000  0.0614  0.0000  0.2022  0.0000  0.0000  0.0000  0.0000  0.0000  0.0201  0.0000  0.0000  0.0263  0.2036  0.0000  0.0135  0.0000
G  0.0000  0.0000  0.0000  0.0000  0.0000  0.0000  0.0135  0.0000  0.0000  0.0614  0.0000  0.2121  0.0000  0.0000  0.0000  0.2832  0.0000  0.2036  0.0039  0.2022  0.0000  0.0201  0.0000  0.0000  0.0000  0.0000
H  0.0135  0.0000  0.0000  0.3893  0.0000  0.0000  0.0000  0.0000  0.3712  0.0000  0.0000  0.0039  0.0000  0.0000  0.0263  0.0000  0.0000  0.0000  0.0000  0.0000  0.0614  0.0000  0.0000  0.1343  0.0000  0.0000
I  0.2036  0.0000  0.0000  0.0000  0.0000  0.0000  0.0000  0.0000  0.0000  0.1488  0.0336  0.0000  0.1343  0.0000  0.0000  0.0000  0.0000  0.1858  0.0000  0.0000  0.0000  0.2022  0.0000  0.0614  0.0000  0.0302
J  0.0000  0.0000  0.0201  0.0000  0.0000  0.0653  0.1858  0.0000  0.0000  0.0000  0.0263  0.0000  0.2036  0.0000  0.0000  0.0000  0.0000  0.0000  0.2022  0.0000  0.1343  0.0135  0.1488  0.0000  0.0000  0.0000
K  0.0000  0.0302  0.0135  0.2022  0.1343  0.0000  0.0000  0.0000  0.0000  0.0000  0.0000  0.0000  0.0614  0.0000  0.0000  0.0000  0.0000  0.1488  0.0000  0.0000  0.2036  0.1858  0.0201  0.0000  0.0000  0.0000
L  0.0000  0.0000  0.1858  0.0000  0.2036  0.0201  0.1488  0.0614  0.0135  0.0000  0.0000  0.3366  0.0000  0.0039  0.0000  0.0000  0.0000  0.0000  0.0000  0.0000  0.0000  0.0000  0.0263  0.0000  0.0000  0.0000
M  0.1858  0.0000  0.1343  0.0000  0.0614  0.0000  0.0263  0.2022  0.0000  0.0000  0.0000  0.0000  0.0000  0.0000  0.0000  0.2171  0.0000  0.0000  0.0000  0.1488  0.0039  0.0000  0.0000  0.0201  0.0000  0.0000
N  0.0000  0.2022  0.0000  0.0000  0.0000  0.0000  0.0000  0.0000  0.0000  0.0000  0.0000  0.0201  0.1752  0.0000  0.0000  0.0000  0.2036  0.0614  0.0000  0.1993  0.0000  0.1343  0.0039  0.0000  0.0000  0.0000
O  0.0201  0.0000  0.0000  0.0614  0.2022  0.0000  0.0000  0.2036  0.1343  0.0000  0.0039  0.1488  0.0000  0.0000  0.0000  0.0263  0.1993  0.0000  0.0000  0.0000  0.0000  0.0000  0.0000  0.0000  0.0000  0.0000
P  0.0000  0.0000  0.0000  0.1343  0.0000  0.0000  0.0000  0.0135  0.0039  0.0000  0.0000  0.0000  0.0000  0.0000  0.0000  0.2224  0.0263  0.0000  0.0000  0.0000  0.0000  0.0000  0.1858  0.2036  0.2103  0.0000
Q  0.0000  0.0135  0.0000  0.0039  0.0000  0.0000  0.0000  0.0000  0.0000  0.2237  0.1488  0.0000  0.0000  0.0263  0.0000  0.0614  0.0000  0.1343  0.0000  0.0000  0.0000  0.0000  0.2022  0.0000  0.1858  0.0000
R  0.0000  0.0000  0.2036  0.0000  0.0000  0.0000  0.0000  0.1488  0.0000  0.0000  0.0000  0.0000  0.1858  0.0000  0.0000  0.0000  0.0000  0.0000  0.1343  0.0263  0.0201  0.0000  0.0000  0.0174  0.2022  0.0614
S  0.0000  0.0000  0.0263  0.0000  0.0000  0.3346  0.1343  0.0000  0.0000  0.0000  0.0000  0.0135  0.0000  0.4058  0.0201  0.0000  0.0614  0.0039  0.0000  0.0000  0.0000  0.0000  0.0000  0.0000  0.0000  0.0000
T  0.0000  0.0614  0.0000  0.0000  0.0000  0.0000  0.0000  0.0000  0.2036  0.0000  0.1858  0.0000  0.0000  0.0000  0.0135  0.0000  0.0000  0.0000  0.0000  0.0201  0.2022  0.0039  0.0000  0.0263  0.0000  0.2832
U  0.0000  0.0201  0.0614  0.0000  0.0000  0.0000  0.0000  0.1897  0.0000  0.0000  0.0000  0.0000  0.0000  0.0000  0.1343  0.0000  0.1488  0.2285  0.0000  0.2036  0.0000  0.0000  0.0000  0.0000  0.0000  0.0135
V  0.0000  0.1343  0.0000  0.0000  0.0240  0.0135  0.2636  0.0000  0.0263  0.0000  0.0000  0.0000  0.0000  0.1488  0.0000  0.0000  0.0000  0.0000  0.0000  0.0000  0.1858  0.2036  0.0000  0.0000  0.0000  0.0000
W  0.0000  0.1488  0.0000  0.0000  0.0263  0.0000  0.0000  0.0000  0.0000  0.2022  0.2036  0.0000  0.0000  0.0000  0.0614  0.0000  0.0039  0.0000  0.0000  0.0000  0.0135  0.0000  0.0000  0.1858  0.1343  0.0201
X  0.0000  0.0000  0.0000  0.0000  0.0000  0.0000  0.0000  0.1343  0.0000  0.0263  0.0000  0.0000  0.0000  0.0000  0.3385  0.0000  0.0000  0.0201  0.0135  0.0000  0.0000  0.0614  0.0000  0.0000  0.2036  0.2022
Y  0.0263  0.0000  0.0000  0.1488  0.0000  0.0000  0.0000  0.0201  0.0000  0.1382  0.2022  0.0000  0.0135  0.1858  0.0000  0.0000  0.0000  0.0000  0.0000  0.0614  0.0000  0.0000  0.0000  0.0000  0.0000  0.2036
Z  0.0614  0.0000  0.1488  0.0263  0.0000  0.0000  0.2237  0.0000  0.0000  0.0000  0.0000  0.0000  0.0039  0.0000  0.0000  0.1858  0.1343  0.0000  0.0000  0.0000  0.0000  0.0000  0.0135  0.2022  0.0000  0.0000

3. ВЕРОЯТНОСТИ ОТКРЫТОГО ТЕКСТА ПРИ ДАННОМ ШИФРТЕКСТЕ P(m|c):
        1       2       3       4       5       6       7       8       9      10      11      12      13      14      15      16      17      18      19      20      21      22      23      24      25      26
A  0.0039  0.0000  0.0000  0.0135  0.0000  0.0263  0.0000  0.0000  0.0000  0.0000  0.0000  0.2036  0.0000  0.0816  0.2022  0.0000  0.0000  0.0000  0.0000  0.0000  0.0000  0.0000  0.1343  0.1488  0.0000  0.1858
B  0.3366  0.2036  0.0000  0.0000  0.0000  0.0000  0.0000  0.0000  0.1858  0.0000  0.0000  0.0614  0.0201  0.0135  0.0000  0.0000  0.0000  0.0000  0.0000  0.0039  0.1488  0.0000  0.0000  0.0000  0.0263  0.0000
C  0.0000  0.0000  0.2022  0.0201  0.0000  0.2036  0.0000  0.0263  0.0614  0.1993  0.1343  0.0000  0.0000  0.0000  0.0000  0.0000  0.0000  0.0000  0.1488  0.0000  0.0000  0.0000  0.0000  0.0000  0.0039  0.0000
D  0.0000  0.0000  0.0000  0.0000  0.0000  0.2022  0.0000  0.0000  0.0000  0.0000  0.0000  0.0000  0.0000  0.0000  0.2036  0.0039  0.0000  0.0135  0.1858  0.1343  0.0263  0.1488  0.0614  0.0000  0.0201  0.0000
E  0.1488  0.1858  0.0000  0.0000  0.0135  0.0000  0.0039  0.0000  0.0000  0.0000  0.0000  0.0000  0.0000  0.1343  0.0000  0.0000  0.2224  0.0000  0.2913  0.0000  0.0000  0.0000  0.0000  0.0000  0.0000  0.0000
F  0.0000  0.0000  0.0039  0.0000  0.3346  0.1343  0.0000  0.0000  0.0000  0.0000  0.0614  0.0000  0.2022  0.0000  0.0000  0.0000  0.0000  0.0000  0.0201  0.0000  0.0000  0.0263  0.2036  0.0000  0.0135  0.0000
G  0.0000  0.0000  0.0000  0.0000  0.0000  0.0000  0.0135  0.0000  0.0000  0.0614  0.0000  0.2121  0.0000  0.0000  0.0000  0.2832  0.0000  0.2036  0.0039  0.2022  0.0000  0.0201  0.0000  0.0000  0.0000  0.0000
H  0.0135  0.0000  0.0000  0.3893  0.0000  0.0000  0.0000  0.0000  0.3712  0.0000  0.0000  0.0039  0.0000  0.0000  0.0263  0.0000  0.0000  0.0000  0.0000  0.0000  0.0614  0.0000  0.0000  0.1343  0.0000  0.0000
I  0.2036  0.0000  0.0000  0.0000  0.0000  0.0000  0.0000  0.0000  0.0000  0.1488  0.0336  0.0000  0.1343  0.0000  0.0000  0.0000  0.0000  0.1858  0.0000  0.0000  0.0000  0.2022  0.0000  0.0614  0.0000  0.0302
J  0.0000  0.0000  0.0201  0.0000  0.0000  0.0653  0.1858  0.0000  0.0000  0.0000  0.0263  0.0000  0.2036  0.0000  0.0000  0.0000  0.0000  0.0000  0.2022  0.0000  0.1343  0.0135  0.1488  0.0000  0.0000  0.0000
K  0.0000  0.0302  0.0135  0.2022  0.1343  0.0000  0.0000  0.0000  0.0000  0.0000  0.0000  0.0000  0.0614  0.0000  0.0000  0.0000  0.0000  0.1488  0.0000  0.0000  0.2036  0.1858  0.0201  0.0000  0.0000  0.0000
L  0.0000  0.0000  0.1858  0.0000  0.2036  0.0201  0.1488  0.0614  0.0135  0.0000  0.0000  0.3366  0.0000  0.0039  0.0000  0.0000  0.0000  0.0000  0.0000  0.0000  0.0000  0.0000  0.0263  0.0000  0.0000  0.0000
M  0.1858  0.0000  0.1343  0.0000  0.0614  0.0000  0.0263  0.2022  0.0000  0.0000  0.0000  0.0000  0.0000  0.0000  0.0000  0.2171  0.0000  0.0000  0.0000  0.1488  0.0039  0.0000  0.0000  0.0201  0.0000  0.0000
N  0.0000  0.2022  0.0000  0.0000  0.0000  0.0000  0.0000  0.0000  0.0000  0.0000  0.0000  0.0201  0.1752  0.0000  0.0000  0.0000  0.2036  0.0614  0.0000  0.1993  0.0000  0.1343  0.0039  0.0000  0.0000  0.0000
O  0.0201  0.0000  0.0000  0.0614  0.2022  0.0000  0.0000  0.2036  0.1343  0.0000  0.0039  0.1488  0.0000  0.0000  0.0000  0.0263  0.1993  0.0000  0.0000  0.0000  0.0000  0.0000  0.0000  0.0000  0.0000  0.0000
P  0.0000  0.0000  0.0000  0.1343  0.0000  0.0000  0.0000  0.0135  0.0039  0.0000  0.0000  0.0000  0.0000  0.0000  0.0000  0.2224  0.0263  0.0000  0.0000  0.0000  0.0000  0.0000  0.1858  0.2036  0.2103  0.0000
Q  0.0000  0.0135  0.0000  0.0039  0.0000  0.0000  0.0000  0.0000  0.0000  0.2237  0.1488  0.0000  0.0000  0.0263  0.0000  0.0614  0.0000  0.1343  0.0000  0.0000  0.0000  0.0000  0.2022  0.0000  0.1858  0.0000
R  0.0000  0.0000  0.2036  0.0000  0.0000  0.0000  0.0000  0.1488  0.0000  0.0000  0.0000  0.0000  0.1858  0.0000  0.0000  0.0000  0.0000  0.0000  0.1343  0.0263  0.0201  0.0000  0.0000  0.0174  0.2022  0.0614
S  0.0000  0.0000  0.0263  0.0000  0.0000  0.3346  0.1343  0.0000  0.0000  0.0000  0.0000  0.0135  0.0000  0.4058  0.0201  0.0000  0.0614  0.0039  0.0000  0.0000  0.0000  0.0000  0.0000  0.0000  0.0000  0.0000
T  0.0000  0.0614  0.0000  0.0000  0.0000  0.0000  0.0000  0.0000  0.2036  0.0000  0.1858  0.0000  0.0000  0.0000  0.0135  0.0000  0.0000  0.0000  0.0000  0.0201  0.2022  0.0039  0.0000  0.0263  0.0000  0.2832
U  0.0000  0.0201  0.0614  0.0000  0.0000  0.0000  0.0000  0.1897  0.0000  0.0000  0.0000  0.0000  0.0000  0.0000  0.1343  0.0000  0.1488  0.2285  0.0000  0.2036  0.0000  0.0000  0.0000  0.0000  0.0000  0.0135
V  0.0000  0.1343  0.0000  0.0000  0.0240  0.0135  0.2636  0.0000  0.0263  0.0000  0.0000  0.0000  0.0000  0.1488  0.0000  0.0000  0.0000  0.0000  0.0000  0.0000  0.1858  0.2036  0.0000  0.0000  0.0000  0.0000
W  0.0000  0.1488  0.0000  0.0000  0.0263  0.0000  0.0000  0.0000  0.0000  0.2022  0.2036  0.0000  0.0000  0.0000  0.0614  0.0000  0.0039  0.0000  0.0000  0.0000  0.0135  0.0000  0.0000  0.1858  0.1343  0.0201
X  0.0000  0.0000  0.0000  0.0000  0.0000  0.0000  0.0000  0.1343  0.0000  0.0263  0.0000  0.0000  0.0000  0.0000  0.3385  0.0000  0.0000  0.0201  0.0135  0.0000  0.0000  0.0614  0.0000  0.0000  0.2036  0.2022
Y  0.0263  0.0000  0.0000  0.1488  0.0000  0.0000  0.0000  0.0201  0.0000  0.1382  0.2022  0.0000  0.0135  0.1858  0.0000  0.0000  0.0000  0.0000  0.0000  0.0614  0.0000  0.0000  0.0000  0.0000  0.0000  0.2036
Z  0.0614  0.0000  0.1488  0.0263  0.0000  0.0000  0.2237  0.0000  0.0000  0.0000  0.0000  0.0000  0.0039  0.0000  0.0000  0.1858  0.1343  0.0000  0.0000  0.0000  0.0000  0.0000  0.0135  0.2022  0.0000  0.0000

4. ЭНТРОПИИ И УТЕЧКА:
H(M) Сообщения:   4.7004 бит
H(K) Ключи:       2.7969 бит
H(C) Шифртекст:   4.7004 бит
I(M; C) УТЕЧКА:   2.7969 бит

5. РАСПРЕДЕЛЕНИЕ ВЕРОЯТНОСТЕЙ ОТКРЫТОГО ТЕКСТА P(m):
A: 0.0385 | B: 0.0385 | C: 0.0385 | D: 0.0385 | E: 0.0385 | F: 0.0385 | G: 0.0385 | H: 0.0385 | I: 0.0385 | J: 0.0385 | K: 0.0385 | L: 0.0385 | M: 0.0385 | N: 0.0385 | O: 0.0385 | P: 0.0385 | Q: 0.0385 | R: 0.0385 | S: 0.0385 | T: 0.0385 | U: 0.0385 | V: 0.0385 | W: 0.0385 | X: 0.0385 | Y: 0.0385 | Z: 0.0385

6. РАСПРЕДЕЛЕНИЕ ВЕРОЯТНОСТЕЙ КЛЮЧЕЙ P(k):
k1: 0.1343 | k2: 0.2022 | k3: 0.0039 | k4: 0.2036 | k5: 0.0201 | k6: 0.1488 | k7: 0.0263 | k8: 0.0135 | k9: 0.0614 | k10: 0.1858

7. РАСПРЕДЕЛЕНИЕ ВЕРОЯТНОСТЕЙ ШИФРТЕКСТА P(c):
[0.0385 0.0385 0.0385 0.0385 0.0385 0.0385 0.0385 0.0385 0.0385 0.0385
 0.0385 0.0385 0.0385 0.0385 0.0385 0.0385 0.0385 0.0385 0.0385 0.0385
 0.0385 0.0385 0.0385 0.0385 0.0385 0.0385]

