1. МАТРИЦА ШИФРОВАНИЯ Ek:
      A   B   C   D   E   F   G   H   I   J   K   L   M   N   O   P   Q   R   S   T   U   V   W   X   Y   Z
k1   11  16   9   5  25  19  14  23  15   1  17  12  24  10  18  13   4   7  21   8  22  26   6   3   2  20
k2    5  21  26   8  22  14  25   1  20  19   4  11   3  23  15   9  12  13  18   7   2  10  17  24  16   6
k3   17  20   2  25  11  19   9  23  21  18   5   3  26  14  15  16   6  22  10   4  12   8  13   7  24   1
k4   18  24   7  15   8   6  20  19  23  13   1  22  21  16   3  26   5  12  25   2  17  11   9  10   4  14
k5    5  16   9   7  15  14  10   4  18   1  13   6  25   3  11  19  22  26   2  20  21  17   8  24  12  23
k6   26  15   6  18   4  23   5  11  17  12  10  21   2  25  16  13   7  14  19   3  20   8   1  22  24   9
k7    5  20  17   1   6  16  24  19  13  21   2   7  10   4  18   3  22  26  25  15  14   8  23  11   9  12
k8   19  25   9  26  24   2   1   7  13  11  23   3   6   5  17  20  22  16  18  12  10   4   8  21  15  14
k9   11   5   9  18   6  22   4  10  21  25   8  12  24  17  20   1  16   2  15  13  26  23   3  19   7  14
k10  24  14  19  12  15   1  21  10   8  13  23  17  22   2   4   7  20   6  11  18  26   3  25  16   5   9

2. ВЕРОЯТНОСТИ ШИФРТЕКСТА ПРИ ДАННОМ ОТКРЫТОМ ТЕКСТЕ P(c|m):
     1    2    3    4    5    6    7    8    9   10   11   12   13   14   15   16   17   18   19   20   21   22   23   24   25   26
A  0.0  0.0  0.0  0.0  0.3  0.0  0.0  0.0  0.0  0.0  0.2  0.0  0.0  0.0  0.0  0.0  0.1  0.1  0.1  0.0  0.0  0.0  0.0  0.1  0.0  0.1
B  0.0  0.0  0.0  0.0  0.1  0.0  0.0  0.0  0.0  0.0  0.0  0.0  0.0  0.1  0.1  0.2  0.0  0.0  0.0  0.2  0.1  0.0  0.0  0.1  0.1  0.0
C  0.0  0.1  0.0  0.0  0.0  0.1  0.1  0.0  0.4  0.0  0.0  0.0  0.0  0.0  0.0  0.0  0.1  0.0  0.1  0.0  0.0  0.0  0.0  0.0  0.0  0.1
D  0.1  0.0  0.0  0.0  0.1  0.0  0.1  0.1  0.0  0.0  0.0  0.1  0.0  0.0  0.1  0.0  0.0  0.2  0.0  0.0  0.0  0.0  0.0  0.0  0.1  0.1
E  0.0  0.0  0.0  0.1  0.0  0.2  0.0  0.1  0.0  0.0  0.1  0.0  0.0  0.0  0.2  0.0  0.0  0.0  0.0  0.0  0.0  0.1  0.0  0.1  0.1  0.0
F  0.1  0.1  0.0  0.0  0.0  0.1  0.0  0.0  0.0  0.0  0.0  0.0  0.0  0.2  0.0  0.1  0.0  0.0  0.2  0.0  0.0  0.1  0.1  0.0  0.0  0.0
G  0.1  0.0  0.0  0.1  0.1  0.0  0.0  0.0  0.1  0.1  0.0  0.0  0.0  0.1  0.0  0.0  0.0  0.0  0.0  0.1  0.1  0.0  0.0  0.1  0.1  0.0
H  0.1  0.0  0.0  0.1  0.0  0.0  0.1  0.0  0.0  0.2  0.1  0.0  0.0  0.0  0.0  0.0  0.0  0.0  0.2  0.0  0.0  0.0  0.2  0.0  0.0  0.0
I  0.0  0.0  0.0  0.0  0.0  0.0  0.0  0.1  0.0  0.0  0.0  0.0  0.2  0.0  0.1  0.0  0.1  0.1  0.0  0.1  0.2  0.0  0.1  0.0  0.0  0.0
J  0.2  0.0  0.0  0.0  0.0  0.0  0.0  0.0  0.0  0.0  0.1  0.1  0.2  0.0  0.0  0.0  0.0  0.1  0.1  0.0  0.1  0.0  0.0  0.0  0.1  0.0
K  0.1  0.1  0.0  0.1  0.1  0.0  0.0  0.1  0.0  0.1  0.0  0.0  0.1  0.0  0.0  0.0  0.1  0.0  0.0  0.0  0.0  0.0  0.2  0.0  0.0  0.0
L  0.0  0.0  0.2  0.0  0.0  0.1  0.1  0.0  0.0  0.0  0.1  0.2  0.0  0.0  0.0  0.0  0.1  0.0  0.0  0.0  0.1  0.1  0.0  0.0  0.0  0.0
M  0.0  0.1  0.1  0.0  0.0  0.1  0.0  0.0  0.0  0.1  0.0  0.0  0.0  0.0  0.0  0.0  0.0  0.0  0.0  0.0  0.1  0.1  0.0  0.2  0.1  0.1
N  0.0  0.1  0.1  0.1  0.1  0.0  0.0  0.0  0.0  0.1  0.0  0.0  0.0  0.1  0.0  0.1  0.1  0.0  0.0  0.0  0.0  0.0  0.1  0.0  0.1  0.0
O  0.0  0.0  0.1  0.1  0.0  0.0  0.0  0.0  0.0  0.0  0.1  0.0  0.0  0.0  0.2  0.1  0.1  0.2  0.0  0.1  0.0  0.0  0.0  0.0  0.0  0.0
P  0.1  0.0  0.1  0.0  0.0  0.0  0.1  0.0  0.1  0.0  0.0  0.0  0.2  0.0  0.0  0.1  0.0  0.0  0.1  0.1  0.0  0.0  0.0  0.0  0.0  0.1
Q  0.0  0.0  0.0  0.1  0.1  0.1  0.1  0.0  0.0  0.0  0.0  0.1  0.0  0.0  0.0  0.1  0.0  0.0  0.0  0.1  0.0  0.3  0.0  0.0  0.0  0.0
R  0.0  0.1  0.0  0.0  0.0  0.1  0.1  0.0  0.0  0.0  0.0  0.1  0.1  0.1  0.0  0.1  0.0  0.0  0.0  0.0  0.0  0.1  0.0  0.0  0.0  0.2
S  0.0  0.1  0.0  0.0  0.0  0.0  0.0  0.0  0.0  0.1  0.1  0.0  0.0  0.0  0.1  0.0  0.0  0.2  0.1  0.0  0.1  0.0  0.0  0.0  0.2  0.0
T  0.0  0.1  0.1  0.1  0.0  0.0  0.1  0.1  0.0  0.0  0.0  0.1  0.1  0.0  0.1  0.0  0.0  0.1  0.0  0.1  0.0  0.0  0.0  0.0  0.0  0.0
U  0.0  0.1  0.0  0.0  0.0  0.0  0.0  0.0  0.0  0.1  0.0  0.1  0.0  0.1  0.0  0.0  0.1  0.0  0.0  0.1  0.1  0.1  0.0  0.0  0.0  0.2
V  0.0  0.0  0.1  0.1  0.0  0.0  0.0  0.3  0.0  0.1  0.1  0.0  0.0  0.0  0.0  0.0  0.1  0.0  0.0  0.0  0.0  0.0  0.1  0.0  0.0  0.1
W  0.1  0.0  0.1  0.0  0.0  0.1  0.0  0.2  0.1  0.0  0.0  0.0  0.1  0.0  0.0  0.0  0.1  0.0  0.0  0.0  0.0  0.0  0.1  0.0  0.1  0.0
X  0.0  0.0  0.1  0.0  0.0  0.0  0.1  0.0  0.0  0.1  0.1  0.0  0.0  0.0  0.0  0.1  0.0  0.0  0.1  0.0  0.1  0.1  0.0  0.2  0.0  0.0
Y  0.0  0.1  0.0  0.1  0.1  0.0  0.1  0.0  0.1  0.0  0.0  0.1  0.0  0.0  0.1  0.1  0.0  0.0  0.0  0.0  0.0  0.0  0.0  0.2  0.0  0.0
Z  0.1  0.0  0.0  0.0  0.0  0.1  0.0  0.0  0.2  0.0  0.0  0.1  0.0  0.3  0.0  0.0  0.0  0.0  0.0  0.1  0.0  0.0  0.1  0.0  0.0  0.0

3. ВЕРОЯТНОСТИ ОТКРЫТОГО ТЕКСТА ПРИ ДАННОМ ШИФРТЕКСТЕ P(m|c):
     1    2    3    4    5    6    7    8    9   10   11   12   13   14   15   16   17   18   19   20   21   22   23   24   25   26
A  0.0  0.0  0.0  0.0  0.3  0.0  0.0  0.0  0.0  0.0  0.2  0.0  0.0  0.0  0.0  0.0  0.1  0.1  0.1  0.0  0.0  0.0  0.0  0.1  0.0  0.1
B  0.0  0.0  0.0  0.0  0.1  0.0  0.0  0.0  0.0  0.0  0.0  0.0  0.0  0.1  0.1  0.2  0.0  0.0  0.0  0.2  0.1  0.0  0.0  0.1  0.1  0.0
C  0.0  0.1  0.0  0.0  0.0  0.1  0.1  0.0  0.4  0.0  0.0  0.0  0.0  0.0  0.0  0.0  0.1  0.0  0.1  0.0  0.0  0.0  0.0  0.0  0.0  0.1
D  0.1  0.0  0.0  0.0  0.1  0.0  0.1  0.1  0.0  0.0  0.0  0.1  0.0  0.0  0.1  0.0  0.0  0.2  0.0  0.0  0.0  0.0  0.0  0.0  0.1  0.1
E  0.0  0.0  0.0  0.1  0.0  0.2  0.0  0.1  0.0  0.0  0.1  0.0  0.0  0.0  0.2  0.0  0.0  0.0  0.0  0.0  0.0  0.1  0.0  0.1  0.1  0.0
F  0.1  0.1  0.0  0.0  0.0  0.1  0.0  0.0  0.0  0.0  0.0  0.0  0.0  0.2  0.0  0.1  0.0  0.0  0.2  0.0  0.0  0.1  0.1  0.0  0.0  0.0
G  0.1  0.0  0.0  0.1  0.1  0.0  0.0  0.0  0.1  0.1  0.0  0.0  0.0  0.1  0.0  0.0  0.0  0.0  0.0  0.1  0.1  0.0  0.0  0.1  0.1  0.0
H  0.1  0.0  0.0  0.1  0.0  0.0  0.1  0.0  0.0  0.2  0.1  0.0  0.0  0.0  0.0  0.0  0.0  0.0  0.2  0.0  0.0  0.0  0.2  0.0  0.0  0.0
I  0.0  0.0  0.0  0.0  0.0  0.0  0.0  0.1  0.0  0.0  0.0  0.0  0.2  0.0  0.1  0.0  0.1  0.1  0.0  0.1  0.2  0.0  0.1  0.0  0.0  0.0
J  0.2  0.0  0.0  0.0  0.0  0.0  0.0  0.0  0.0  0.0  0.1  0.1  0.2  0.0  0.0  0.0  0.0  0.1  0.1  0.0  0.1  0.0  0.0  0.0  0.1  0.0
K  0.1  0.1  0.0  0.1  0.1  0.0  0.0  0.1  0.0  0.1  0.0  0.0  0.1  0.0  0.0  0.0  0.1  0.0  0.0  0.0  0.0  0.0  0.2  0.0  0.0  0.0
L  0.0  0.0  0.2  0.0  0.0  0.1  0.1  0.0  0.0  0.0  0.1  0.2  0.0  0.0  0.0  0.0  0.1  0.0  0.0  0.0  0.1  0.1  0.0  0.0  0.0  0.0
M  0.0  0.1  0.1  0.0  0.0  0.1  0.0  0.0  0.0  0.1  0.0  0.0  0.0  0.0  0.0  0.0  0.0  0.0  0.0  0.0  0.1  0.1  0.0  0.2  0.1  0.1
N  0.0  0.1  0.1  0.1  0.1  0.0  0.0  0.0  0.0  0.1  0.0  0.0  0.0  0.1  0.0  0.1  0.1  0.0  0.0  0.0  0.0  0.0  0.1  0.0  0.1  0.0
O  0.0  0.0  0.1  0.1  0.0  0.0  0.0  0.0  0.0  0.0  0.1  0.0  0.0  0.0  0.2  0.1  0.1  0.2  0.0  0.1  0.0  0.0  0.0  0.0  0.0  0.0
P  0.1  0.0  0.1  0.0  0.0  0.0  0.1  0.0  0.1  0.0  0.0  0.0  0.2  0.0  0.0  0.1  0.0  0.0  0.1  0.1  0.0  0.0  0.0  0.0  0.0  0.1
Q  0.0  0.0  0.0  0.1  0.1  0.1  0.1  0.0  0.0  0.0  0.0  0.1  0.0  0.0  0.0  0.1  0.0  0.0  0.0  0.1  0.0  0.3  0.0  0.0  0.0  0.0
R  0.0  0.1  0.0  0.0  0.0  0.1  0.1  0.0  0.0  0.0  0.0  0.1  0.1  0.1  0.0  0.1  0.0  0.0  0.0  0.0  0.0  0.1  0.0  0.0  0.0  0.2
S  0.0  0.1  0.0  0.0  0.0  0.0  0.0  0.0  0.0  0.1  0.1  0.0  0.0  0.0  0.1  0.0  0.0  0.2  0.1  0.0  0.1  0.0  0.0  0.0  0.2  0.0
T  0.0  0.1  0.1  0.1  0.0  0.0  0.1  0.1  0.0  0.0  0.0  0.1  0.1  0.0  0.1  0.0  0.0  0.1  0.0  0.1  0.0  0.0  0.0  0.0  0.0  0.0
U  0.0  0.1  0.0  0.0  0.0  0.0  0.0  0.0  0.0  0.1  0.0  0.1  0.0  0.1  0.0  0.0  0.1  0.0  0.0  0.1  0.1  0.1  0.0  0.0  0.0  0.2
V  0.0  0.0  0.1  0.1  0.0  0.0  0.0  0.3  0.0  0.1  0.1  0.0  0.0  0.0  0.0  0.0  0.1  0.0  0.0  0.0  0.0  0.0  0.1  0.0  0.0  0.1
W  0.1  0.0  0.1  0.0  0.0  0.1  0.0  0.2  0.1  0.0  0.0  0.0  0.1  0.0  0.0  0.0  0.1  0.0  0.0  0.0  0.0  0.0  0.1  0.0  0.1  0.0
X  0.0  0.0  0.1  0.0  0.0  0.0  0.1  0.0  0.0  0.1  0.1  0.0  0.0  0.0  0.0  0.1  0.0  0.0  0.1  0.0  0.1  0.1  0.0  0.2  0.0  0.0
Y  0.0  0.1  0.0  0.1  0.1  0.0  0.1  0.0  0.1  0.0  0.0  0.1  0.0  0.0  0.1  0.1  0.0  0.0  0.0  0.0  0.0  0.0  0.0  0.2  0.0  0.0
Z  0.1  0.0  0.0  0.0  0.0  0.1  0.0  0.0  0.2  0.0  0.0  0.1  0.0  0.3  0.0  0.0  0.0  0.0  0.0  0.1  0.0  0.0  0.1  0.0  0.0  0.0

4. ЭНТРОПИИ И УТЕЧКА:
H(M) Сообщения:   4.7004 бит
H(K) Ключи:       3.3219 бит
H(C) Шифртекст:   4.7004 бит
I(M; C) УТЕЧКА:   3.3219 бит

5. РАСПРЕДЕЛЕНИЕ ВЕРОЯТНОСТЕЙ ОТКРЫТОГО ТЕКСТА P(m):
A: 0.0385 | B: 0.0385 | C: 0.0385 | D: 0.0385 | E: 0.0385 | F: 0.0385 | G: 0.0385 | H: 0.0385 | I: 0.0385 | J: 0.0385 | K: 0.0385 | L: 0.0385 | M: 0.0385 | N: 0.0385 | O: 0.0385 | P: 0.0385 | Q: 0.0385 | R: 0.0385 | S: 0.0385 | T: 0.0385 | U: 0.0385 | V: 0.0385 | W: 0.0385 | X: 0.0385 | Y: 0.0385 | Z: 0.0385

6. РАСПРЕДЕЛЕНИЕ ВЕРОЯТНОСТЕЙ КЛЮЧЕЙ P(k):
k1: 0.1000 | k2: 0.1000 | k3: 0.1000 | k4: 0.1000 | k5: 0.1000 | k6: 0.1000 | k7: 0.1000 | k8: 0.1000 | k9: 0.1000 | k10: 0.1000

7. РАСПРЕДЕЛЕНИЕ ВЕРОЯТНОСТЕЙ ШИФРТЕКСТА P(c):
[0.0385 0.0385 0.0385 0.0385 0.0385 0.0385 0.0385 0.0385 0.0385 0.0385
 0.0385 0.0385 0.0385 0.0385 0.0385 0.0385 0.0385 0.0385 0.0385 0.0385
 0.0385 0.0385 0.0385 0.0385 0.0385 0.0385]

